CompID	MetaboliteName	MZ	Time	isotopes	adduct	pcgroup	name	fold	tstat	pvalue	mzmed	mzmin	mzmax	rtmed	rtmin	rtmax	npeaks	bio	blank	200916s037	200916s019	200916s030	200916s042	200916s022	200916s018	200916s046	200916s016	200916s055	200916s029	200916s031	200916s025	200916s032	200916s023	200916s044	200916s035	200916s028	200916s020	200916s021	200916s040	200916s049	200916s047	200916s045	200916s033	200916s041	200916s054	200916s036	200916s034	200916s056	200916s048	200916s052	200916s017	200916s043	200916s057	200916s024	200916s053	200916s038	200916s039	200916s050	200916s051	200916s058	200916s059	200916s026	200916s027
1	Lactic acid																			37437020.57	192964056.3	281927552	20872409.19	14996775.49	18809166.14	15193604.36	10295108.87	18858636.89	50513517.03	52110101.46	71818776.49	49806114.57	20531338.46	28685866.06	20499232.3	22719950.81	17289431.18	33706908.06	36996001.67	47644765.59	27115200.49	23997684.67	12321166.72	14082204.28	14804263.01	47262575.14	42169624.13	62029149.81	134909204.6	13424851.49	20827557.9	18999286.47	16815248.71	16473370.08	13422507.41	39744834.14	40290016.36	42027893.81	39898805.45	39625883.14	38502656.39	43706153.51	42813719.42
2	Saccharic acid																			957963.7766	0	1218345.765	38264.49042	0	64445.84177	0	125307.8261	23474.10714	1631713.059	1501723.338	1748872.875	736985.4613	0	747059.236	0	182639.7734	0	0	873926.0072	909288.1827	67899.52873	0	241956.1159	0	80566.45488	0	1678221.242	1961647.724	1579783.404	1225976.193	0	225019.6792	0	127492.0601	0	159222.8961	307844.6948	187603.0307	207315.9824	138968.8006	431844.1619	86059.35695	368632.5831
3	Pipecolic acid																			34473373.69	179597656.5	196385176.1	2.03E+09	2.22E+09	614933584.4	715570448.3	783912959.7	870232051.2	172677138.4	172909343.3	174898124.5	443410435.2	492869036	489045308.1	219411875.3	1003037732	1079059745	189553269	174823871.3	192566587.8	1216572867	1326029656	705469937.1	735975057.8	597663077.6	195710513.3	165908901	179214171.6	187451435.6	496637090.2	518318749.9	527459881.1	58328057.07	786370256.4	72085796.06	559485754.9	585882160.5	577698809.6	606871162.4	586054111.9	598174209.4	592430156	569783528.6
4	Nicotinic acid																			65275700.61	281214466.8	292405324	704626129.7	17880285.1	687909912.9	14974806.53	23506810.52	13395798.17	284781043.5	264141354.9	284458817.4	615285629.5	13119233.09	640155699.4	18785125.05	564837994.1	4486383.495	295811502.6	320192982.8	321896072	822715870.2	19645864.36	669744739.7	26784476.92	239035013.1	23242473.55	327503401.4	303379474	321656519.1	569132797.5	13595148.35	440830549.4	3762121.047	560906164.8	3653574.618	316277343.2	336866016.3	315524572.3	296813793.8	325040359.6	340347888.3	321405435.8	320083517.1
5	Succinic acid																			9804916.841	53906881.05	54550279.4	10669103.66	16283763.15	9514599.501	25244183.43	7453456.767	14857152.98	46491860.86	42611455.25	37127469.96	33304954.66	23215871.51	11518582	21937963.91	9133223.317	14429956.11	40920057.15	39668644.94	45056807.56	20073201.03	27683087.67	14783535.2	33408332.11	14174311.74	26390194.47	57288360.82	67872460.71	52961372.42	14212882.24	17952718.86	14851957.37	15098899.85	9105725.289	13367006.63	33181825.04	32940935.64	34597321.04	33751502.59	31742639.95	33735660.79	31825510.66	29758510.09
6	Citric acid																			0	335438.5818	847223.8073	1111713.774	934223.6843	527779.6602	460796.7503	485508.406	842573.8351	290419.2442	471006.4507	255746.9104	1471427.563	914693.6745	1364409.587	1184691.246	1097523.847	592966.3529	809427.9533	494083.9631	330779.2557	1225331.123	1019287.2	909744.2889	579937.4523	805218.0195	852342.7011	1059001.991	780278.8358	843054.4942	1078903.183	674980.9404	1666320.48	1055461.861	1499291.893	741893.4664	856187.624	1160461.513	1277623.85	877274.6102	1593822.445	708862.7846	940193.0818	708959.7428
7	 3-hydroxybutyric acid																			220951.3085	1027396.52	434894.7336	6836769.804	1356475.988	751894.234	945294.5926	888446.4998	736330.9118	1155484.389	910329.4164	999397.6479	3355213.161	290984.3424	138957.2278	529081.2463	4355358.375	668276.2411	483969.3186	1121820.113	209479.3905	4158896.282	799933.8459	4787703.133	1071633.12	1244695.385	573273.0106	913194.5883	1190631.62	674748.5093	1443268.105	714169.8657	332791.0476	935625.0289	4203003.767	561704.6851	1211924.206	1718201.535	1420647.816	1750630.863	1254697.169	1408440.815	1245800.075	1825630.88
8	Methylsuccinic acid																			39547.21407	146197.0773	120323.4179	3363930.235	2934956.623	3952765.851	3781671.457	1747473.128	3049726.007	183853.3759	334117.1399	63850.93047	262111.5591	1216483.116	299629.1018	1607347.525	929939.1539	1971992.076	176699.0848	42786.2118	144530.9971	3115444.77	3767733.52	2931976.454	3568975.825	2537336.725	2956803.743	59664.16814	144546.7179	271017.0185	343764.7779	1837999.326	708342.0093	2159279.628	1191987.004	1580862.909	1232200.293	1678242.012	1658379.148	1769995.743	1539208.006	1374468.857	1215557.831	1532660.815
9	Glutaric acid																			0	77324.0791	187602.4662	1585619.514	1703582.395	866444.9207	998649.9252	705342.4684	1139449.709	148856.5027	0	0	174210.2337	325560.3127	801682.4201	540568.6014	1348169.131	884363.328	75756.80706	178018.0271	96357.52129	1541725.335	1729030.115	1215687.199	1673279.688	886609.5964	1322095.805	42223.28099	43428.08503	43057.04566	631770.5599	692462.0961	889743.9195	1507153.195	807858.8187	1407136.306	533103.3257	709051.4089	689076.8031	743999.8754	335112.3703	760266.8328	531948.5602	635764.2724
10	Pyrrole-2-carboxylic acid																			0	61567.74037	142065.7895	708727.9948	101680.2027	144857.1311	909448.7659	456723.644	334699.9414	0	0	0	55162.70856	973533.7828	58199.20321	452738.8505	261806.9564	1257234.717	152509.5986	0	0	898759.4571	353930.6729	209462.3896	489921.629	570542.5093	152101.7504	0	0	0	324102.8469	871058.3027	577528.2071	944182.2124	348971.3476	1041667.806	339983.2063	373604.8264	261902.9335	404505.058	516590.9955	651015.1383	357488.3864	185677.7705
11	 2-hydroxybenzoic acid/3-hydroxybenzoic acid/4-hydroxybenzoic acid																			0	57108.60499	170289.8012	1298160.898	2682090.802	4159655.63	4322979.036	1726079.66	2270987.341	85340.68742	69507.0101	48562.23829	930630.7782	1473824.296	494763.2724	1528750.988	712360.9286	1729180.977	47891.40258	245511.7574	72310.63401	1421612.974	1823622.392	994712.1391	1350166.643	2592851.341	2104587.536	136428.5145	41061.36532	207375.5658	1078793.744	1122185.698	806692.4987	1630186.994	836206.3433	971055.4388	1251239.109	1283766.8	1260778.203	1295716.188	1097675.48	1227897.667	996873.7747	1293938.793
12	 3-methylhexanedioic acid																			0	0	0	34297.6783	383262.8707	155819.3131	157733.5505	124830.4715	225624.4146	45521.33619	0	0	0	203822.3019	145706.084	297408.3186	52019.11003	284266.7297	0	0	0	125788.4247	304577.7047	120248.0776	337359.4899	105048.5248	191360.2394	0	0	0	89660.56254	524415.7341	112110.4553	340464.4202	57204.39131	393877.1795	101394.2417	101181.5676	127608.3002	185994.2132	0	90728.25771	120359.8157	113887.382
13	Pimelic acid																			0	0	0	34297.6783	383262.8707	155819.3131	157733.5505	124830.4715	225624.4146	45521.33619	0	0	0	203822.3019	145706.084	297408.3186	52019.11003	284266.7297	0	0	0	125788.4247	304577.7047	120248.0776	337359.4899	105048.5248	191360.2394	0	0	0	89660.56254	524415.7341	112110.4553	340464.4202	57204.39131	393877.1795	101394.2417	101181.5676	127608.3002	185994.2132	0	90728.25771	120359.8157	113887.382
14	 3.4-dihydroxyphenylacetic acid/Vanillic acid																			59216.46492	58927.29934	361483.9312	166908.8681	46637.65959	117137.1259	158489.0529	75229.70251	0	215657.3905	59796.66999	209066.9037	90322.4903	53860.30347	148009.5695	133804.2664	314357.4335	527422.3908	66707.28392	167801.9289	116997.2359	0	51361.2703	151114.5918	0	0	52945.24274	100434.5056	97018.75162	114412.1974	46636.937	0	0	0	74317.69526	82422.05238	188723.2061	95485.5211	297784.656	70290.71751	94102.88812	109779.1393	208902.1778	59389.52605
15	 1.3-propanediol																			12071259.47	120654814.7	160447208.5	123639437.1	132423768.6	120286476.3	125035702.1	128390590.3	121308858.2	13915635.99	31822849.15	13391942.98	10671838.52	21881291.58	41521944.99	56707261.66	42950295.03	53762170	3705428.296	7290829.481	9469619.535	32642823.08	32933563.67	48515182.07	46365716.28	47927411.81	52030623.69	3216762.095	5685925.033	4230274.32	26905326.63	23785068.79	30861469.82	42366599.65	20279206.95	25473667.53	48595119.09	54169844.52	58597361.15	56117679.21	52243583.19	54312064.72	57757822.35	52609428.56
16	 2-hydroxyphenylacetic acid/4-hydroxyphenylacetic acid																			0	0	0	2943106.155	5511454.197	169725.8403	5688158.937	2393179.395	4130507.578	91519.12832	49615.14256	43120.81974	297166.7464	4902655.607	408659.9623	5029874.92	262503.4418	4476561.585	89949.44607	59918.50801	50042.86096	6961628.845	6364880.5	5407621.102	5740019.84	6312708.201	6440295.354	66891.4633	90677.75886	37140.86045	2663180.404	4847079.464	233958.4872	6144054.136	5901043.189	5199550.578	2727500.888	3183146.11	2654382.893	3007989.832	2898474.771	2688233.287	2578212.891	2121338.821
17	 3-phenylpropionic acid																			0	0	0	10235441.47	19893722.61	7205785.595	11991234.69	13922467.37	39865644.49	56198.17071	0	0	0	10423962.24	0	19784177.47	4216691.989	17796971.41	0	0	0	4786384.323	17378427.27	8468164.604	40213475.18	6620788.473	64887733.98	0	0	0	45011.10007	8505167.299	6478276.32	34913656.55	3940912.572	78476733.94	3698031.696	3943038.054	4161158.553	4016197.618	4454921.398	3786703.364	3838746.95	3243080.463
18	Valeric acid																			0	0	0	7264717.567	54839760.12	3652405.488	42370819.41	36675182.02	64627223.78	0	0	0	521862.0147	108374665.4	2022418.473	81006283.01	3402199.414	61220840.03	399411.9308	518339.2823	611121.2254	10172689.36	67457408.64	27805854.64	58792341.57	27717406.37	83454403.35	0	0	298325.7154	4600859.47	83601174.37	7439815.14	67451190.86	6508851.697	86141408.49	22800694.74	23519740.21	27721483.77	25263395.23	23999305.41	14726918.11	22510469.76	22749890.03
19	Azelaic acid																			1509346.648	1280839.697	2011922.172	5131682.927	9326863.855	5348122.922	7470096.807	6024099.423	8228908.895	2074061.957	1955276.858	1883466.874	4035288.977	7403932.769	5550001.921	9889188.257	5775267.094	9831529.553	1963885.945	2440668.42	1864312.23	8359942.137	10779279.26	6548436.526	11432588.5	7213732.51	12033926.63	2044520.025	1874188.79	1979820.382	4433457.699	8554117.164	4537510.236	10272001.56	5073409.204	7369686.958	6756346.531	5516914.436	6192400.055	5017922.234	5974609.03	5783732.354	5062870.002	7093682.391
20	 3-indoleacetic acid																			178074.7387	141551.6264	135727.8682	4659025.357	130374994.3	0	37030612.47	43140.05297	5678561.656	275418.8856	63659.78616	322240.2459	73828.27411	7927022.798	189177.62	2697874.577	87403.7808	7530336.586	408638.2891	342027.0709	260321.6009	238889766.6	227085323.7	236592991.6	97758704.27	227767915.4	135138090.2	304452.206	107394.5106	276731.6187	517589.2408	4308632.052	64668.32511	7262175.059	4046153.292	7342881.008	38724647.02	38695391.18	40792459.18	35025995.36	40733224.68	41179417.03	34811295.29	40680506.07
21	Heptanoic acid																			0	0	0	0	0	0	0	0	0	0	0	0	0	0	0	0	0	0	0	0	0	0	0	0	0	0	0	0	0	0	0	0	0	0	0	0	0	0	0	0	0	0	0	0
22	 4-methylvaleric acid/Hexanoic acid																			0	0	0	413250.2432	86771361.99	279685.3011	486222.1722	466883.3204	72333826.97	0	0	0	0	50941485.55	0	38687310.93	3136023.93	62185156.3	120942.2794	0	0	959660.788	111836760.7	1262342.777	106177415.3	138174.7218	68182882.37	59857.66763	0	0	399417.7463	79021818.85	1151195.955	64002430.56	2215574.857	85578434.43	23711893.57	19819111.12	21162540.13	19865382.21	15560840.83	14709308.31	17199190.68	19468865.85
23	Isovaleric acid/methylbutyric acid																			0	0	0	38780557.22	30952149.07	65287599.78	35672673.98	39469677.81	39115764.31	0	0	0	86547.35372	38672014.97	2496173.577	26297079.74	3967994.253	32559004.9	340883.6495	355238.7317	0	41198902.8	43654801.06	35763301.37	39239390.6	37398301.83	45458864.21	0	66557.93178	0	37089688.77	44966178.73	10515281.97	35779155.08	23236394.74	40177776.26	18152043.74	18889824.68	16126465.51	17281234.06	18254489.24	14845323.84	22562860.89	15663542.47
24	L-(-)-3-Phenyllactic acid																			77013953.37	366010699.9	398026715.1	88734582.69	250340369.6	85430130.59	77835173.08	169561642.6	212774758.1	172223450.6	182265031.1	173283317.2	438718884.3	330794493.6	585937870.3	210493911.5	279579503.6	176280856	303115122	333663727.8	296835902	325897122.2	346344606.7	162885724	205285478.7	261759271.9	189888254.8	146097687.9	163050683	149242620.8	339444460.6	246188784.6	230036699.5	104558755.2	251869995.8	134012511.7	262886642.4	259774804	251312656.3	252644429.3	260774604.3	259688006.6	249304919.2	274678558.3
25	Suberic acid																			274921.9401	309676.3466	846748.7598	1438401.545	302888.4941	1684948.136	2832332.191	319791.9937	3255089.182	842186.0379	0	0	1346872.119	544669.9144	0	403137.2763	434863.9579	1034233.289	0	414138.4194	1248490.757	2373415.045	2367733.362	1912763.392	3713996.191	2095336.586	1971615.76	218470.2544	602401.2683	0	2230135.754	3623949.306	0	3670523.562	2220871.556	3317882.177	1840027.768	1323838.494	664294.214	2341996.306	1891883.87	924166.8905	1020961.691	358129.4675
26	L-ornithine																			51490644.6	106272305.6	114598851.5	141888.4781	42171.69524	242883.3605	0	59829.06129	0	105976527.8	100956738.4	110365145.4	1502239.276	0	392549.3975	80231.19817	629596.1013	0	123723144.3	130192540.3	133766590.2	786885.334	624226.3279	476372.831	724605.6486	159500.4814	248329.1587	104038222.2	114850540.2	122976935.3	578182.9554	0	610039.2879	0	50428.30051	0	29252375.38	31300409.36	28709955.85	27943513.36	29630344.56	30167282.45	29907066.75	30162977.69
27	L-lysine																			95439407.12	181958129.4	205236442.2	1947714.318	389458.1886	2932941.39	664330.4705	462109.7076	559911.9494	173202315.8	154266722.3	176465728	11780350.86	705720.3402	6121609.773	569798.0166	722290.1671	445625.9689	221346163.9	230180004.6	232666618.7	2805385.247	1440746.94	1837415.725	1919900.136	927201.5317	1593088.108	168232129.2	185492070.5	187664130.6	3811826.017	1008957.382	1875304.092	1101787.965	990107.8942	427866.4032	53308273	56373967.19	53940150.64	54396724.97	55309330.45	55011010.48	54737283.72	56882614.13
28	 2.6-diaminopimelic acid																			107049.1158	302816.0303	531777.1613	1199988.268	1541525.682	820802.2461	1677104.844	1365254.281	1241897.656	465936.6423	460001.7682	1216149.448	1801189.352	1681237.764	918460.5431	1518433.941	1657778.56	1590704.009	427031.5008	403959.0186	418415.3312	1951057.071	1795846.855	1646091.137	1647013.447	1618700.055	1379614.184	701686.1395	624936.5207	981609.5278	1884557.447	1765519.852	1566464.012	1857534.036	1943106.064	1636683.292	1641662.055	1379517.349	1826082.238	1768998.61	1630318.739	1398432.811	1096514.801	1409721.91
29	L-arginine																			285711.5386	651849.9067	1449003.123	425893.0502	69786.36234	0	393240.9539	161984.6333	0	644805.8821	647640.4606	1354265.304	654365.2153	0	225916.1371	464620.7223	0	122398.088	279913.2233	558414.3965	521828.9342	0	426189.8373	473080.4719	309024.0205	330430.5165	39378.47618	1301366.825	938882.1661	865026.7654	106164.4851	394163.7863	0	696352.3985	160069.0234	196927.3982	2084263.265	1444187.922	2137190.141	2510567.373	2718345.746	2733020.396	1256486.068	1402026.644
30	L-histidine																			23615478.36	48836801.82	47476180.77	0	0	0	0	0	0	39788473.17	38145965.5	46166855.1	120200929	0	139413419.4	0	0	0	49286801.4	58296504.62	60907532.35	0	121729.9692	0	0	0	0	42581790.27	41536993.46	47840278.47	0	0	0	0	0	0	17857978.26	17983477.49	17535388.43	16989203.42	16589245.5	18587430.24	17314536.55	18617714.6
31	Sucrose																			155560.7491	538961.0955	1043786.25	1297649.661	295058.0471	1684597.92	325775.6187	344216.9196	80288.45094	1055407.791	797983.517	1052087.614	1886348.185	562457.6865	2066876.731	381123.9042	1704615.419	309790.8569	889338.0975	1091759.873	1429944.289	1550057.988	460495.6508	913600.1474	329523.8171	555559.3623	337154.6675	944702.8706	540492.8062	843213.2491	1108653.721	444418.4734	1298089.262	142231.0257	971654.3723	143912.8394	684245.7568	908139.8389	985239.3782	1031817.184	912457.3982	1053515.437	1034434.354	1316820.85
32	L-serine																			10207840.71	11920662.81	12255703.06	60000.25001	0	731498.7322	0	164304.0696	0	9265562.924	6845216.163	5955598.531	401961.3128	0	0	0	566239.7159	0	3188979.869	1158258.683	2803413.774	0	0	385727.2622	0	323890.4246	0	1302461.981	3543015.418	3158045.338	0	0	154356.5668	0	0	0	1335630.292	1059485.716	1449723.876	1146432.916	1339011.127	686209.0805	1362804.956	1362804.956
33	Dipropyl disulfide																			3618975.882	23126326.43	24643217.09	0	0	893401.8345	78083.77194	0	0	23378524.48	22652503.98	26637994.35	72022755.22	0	86699688.83	0	58417416.49	36893.24399	19119316.15	27542545.9	28100531.89	604131.7729	101689.6946	69025.23614	0	0	0	23932124.16	22524207.2	28552396.28	0	184133.3674	0	60757.69019	88297.72892	81615.44869	14449239.79	15212148.53	13944962.22	13545958.53	14186028.86	14774749.99	14701517.36	13631123.9
34	L-glutamine																			575886.7629	1691777.645	1879332.389	337976.2086	136369.8112	3078797.498	259603.9627	281314.5591	187265.8519	1435225.511	1122689.957	1914096.66	3007875.141	357773.8254	851554.1468	421744.7054	874400.3285	268034.1412	1307946.76	1521580.435	1114525.243	521502.6984	132412.1531	586680.449	183019.7291	807041.3379	197697.4133	1388439.253	1753322.822	1766102.939	459094.0203	413621.0886	480002.9581	385175.6356	854019.0549	417285.7791	1510123.742	1405597.459	1750412.124	1866746.58	2169936.617	1638219.714	1359219.64	1508640.429
35	trans-4-hydroxy-l-proline																			7274204.298	12520559.77	12750770.97	3082481.137	1233727.363	11967545.17	2159020.857	2535374.921	738548.7618	6934497.732	7518316.233	9549293.463	15897543.11	3053004.216	4625576.667	875090.6035	5984145.642	1411403.323	14070726.92	15907267.16	15044451.7	6872263.648	2023246.628	4394763.058	1824611.97	2801749.403	1587465.508	7849343.999	9372616.536	8075682.289	14659628.96	3262128.053	6921077.962	567645.9973	8228569.003	969156.5235	6252953.593	6405869.759	6440811.322	5824254.425	6034785.692	6728399.298	5879341.529	6212147.595
36	D-Fructose/D-Galactose																			17772450.24	94406901.21	98050379.03	61897797.15	8082448.65	75925129.22	7916748.153	17864972.21	4245624.374	141977576.6	139112234.2	141811144.8	114998175.3	17239290.28	60997979.65	14388030.77	143946758.2	4880154.966	39637651.94	55465110.27	51773672.04	81448984.1	10052840.83	43940052.17	15474404.15	23369400.51	4062716.334	57705372.04	66449594.27	63901181.06	71776520.28	10952015.59	38711791	4658905.819	66455914.67	3528468.969	53137037.17	52966508.56	54892413.5	51003888.84	55895369.07	54949715.74	57885111.24	59334452.82
37	D-glucose																			2835391.371	13223061.3	13277831.83	4634235.947	2595937.543	8639877.441	2526738.781	2748378.915	1486142.986	20702879.25	17730741.48	21509770.43	12879995.93	5053282.426	8239056.726	4708977.812	5424662.506	1931406.844	11641677.2	12995388.95	14458771.2	6168494.692	1937200.433	5239655.408	3112779.781	4211963.196	2989104.522	11259470.97	11881324.55	11484227.04	7982630.584	4350996.262	5927778.303	2803009.876	3378797.255	1682307.711	32441026.6	30206152.63	30219697.6	31493358.5	34289432.08	35896683.28	21570695.41	23129513.02
38	Gluconic acid																			1704322.427	2925381.085	3855520.807	1545556.969	592736.7284	4698259.102	488326.4413	971148.7342	301131.8367	5844254.248	4879057.142	4315747.913	5625445.23	569646.9883	3113024.739	515624.1227	2763274.2	230029.0711	2481593.218	3625035.208	2879201.308	1513551.671	698336.8542	1912572.185	1421128.091	1011416.541	725745.4668	3318027.066	4102265.25	3358597.471	4599524.286	995133.217	3053183.893	266788.2527	2051644.752	403241.4863	3089852.133	3500917.951	3838549.606	3514900.929	4236468.651	3560127.547	3069450.315	2829703.847
39	L-carnosine																			0	0	0	0	0	0	46060.25395	0	0	0	61628.1742	0	764408.5936	0	5790584.351	70644.51009	154673.3821	0	183169.4921	127373.4529	0	0	0	0	0	0	0	0	64598.89909	0	152534.6248	37313.53586	205884.8865	0	0	0	125593.844	90188.76389	188311.7418	78434.20619	211994.5922	448391.29	385124.7601	358727.3477
40	Glycine																			12460989.1	120033694.4	57434653.09	0	0	86762723.91	431414.9028	0	317706.0743	60079390.13	27644078.05	98597133.71	3076701.475	0	0	0	0	0	118133136	144391220.6	67152387.94	2575746.433	437367.8189	2709329.371	0	918540.5008	0	0	28516516.53	95155289.19	0	0	0	0	349922.349	0	9615158.689	13230285.41	9638376.958	14775492.27	5503021.251	16939772.53	17002254.4	17353169.6
41	L-alanine/B-alanine/D-alanine																			140054129.1	314781368.4	344183566	13193945.51	0	113168502.1	0	0	0	284667662.7	275596845.9	303195402.8	83864798.63	0	13933312.46	0	97312941.23	0	325900351.3	353112958.9	353092099.9	72526991.21	0	59814070.72	0	6903494.126	0	292789692.3	320592075.9	290297070.3	9066076.223	0	33132878.16	0	3196881.038	0	86334465.33	95490279.52	83658970.87	88485540.16	84671416.71	87834167.05	96371334.77	93490520.59
42	 2-aminoisobutyric acid/L-aminobutyric acid																			8836508.491	28336782.12	28303053.37	79760119.4	9101072.622	96602183.84	27144889.44	69176860.49	5329250.403	32309091.41	31573609.39	36911790.88	212283753.2	56660000.49	277368507.6	46148722.18	750092659.6	6888730.749	37745598.32	50117190.56	48292130.19	86922835.59	12861412.71	83259435.66	19003487.13	70491859.59	7679428.453	42835050.34	42898159.45	53782846.72	163509811.6	49840128.02	364257496.8	25925458.39	402762804.3	11041807.31	109006577.5	109039598.9	98866127.9	102839382.8	102670230	100450791.6	109472006.5	107631663.5
43	D-maltose																			155560.7491	538961.0955	1043786.25	1297649.661	295058.0471	1684597.92	345235.6226	344216.9196	79794.55679	1055407.791	797983.517	1052087.614	1886348.185	562457.6865	2152650.264	381123.9042	1704615.419	309790.8569	889338.0975	1091759.873	1469946.303	1550057.988	481227.5834	913600.1474	341369.1754	555559.3623	332299.0609	941317.6141	544487.0838	853018.6736	1108653.721	396066.869	1298089.262	74893.4566	971654.3723	143912.8394	684245.7568	908139.8389	985239.3782	1031817.184	912457.3982	1054422.267	1034434.354	1316820.85
44	L-proline																			754678598.4	2752818777	2754227657	18894233.65	5011632.565	42294438.89	2372744.524	9843450.399	4601052.582	2010624215	1888592297	2257256250	5398343383	11555033.36	10845595207	6307755.73	37479753.97	10705291.63	2447428345	2838304008	2688180118	55445590.43	24021600.26	54324099.1	24221981.5	26479480.78	15741242.74	1953161769	2017967102	2438839371	32806549.4	14585345.87	18925447.08	7269529.041	21598793.28	11592082.01	1459799026	1424234293	1454938345	1434937008	1499224310	1468631817	1468997976	1513694011
45	L-threonine																			85726278.6	196987552.8	199646274.4	6934105.638	1895534.776	6992463.694	2851650.012	4294501.61	123566.2104	152744981.7	147059571	167736554.5	359739861.7	217236.3522	267546853.8	849236.254	8396681.191	245173.404	161024544	196569064.5	208844784.7	5871396.269	1610727.563	5712358.089	926204.2729	5256518.359	1097366.6	142712591	158288042.3	156629197.3	4949147.216	1323593.323	3298315.819	469776.4749	3539799.01	545922.7176	62513338.06	64443815.94	58293735.57	60717924.75	58729585.05	61057020.1	62548178.97	62400861.9
46	Sarcosine																			140056896.5	314781368.4	344193559.5	15497786.9	0	113195371.9	0	0	0	284215679.6	275599473.5	302688268.6	83864798.63	0	13974053.27	0	97312941.23	0	325899217.8	353112958.9	353200039.3	72526991.21	0	65613472.62	0	6414478.072	0	292822791.1	321211263.5	290297352.2	9356771.21	0	32845002.02	0	3471423.12	0	86359287.19	95490279.52	83665457.67	88417669.26	83677115.78	87833922.09	96379629.19	96177192.36
47	Thiazolidine-2-carboxylic acid																			47232620.51	162472465.7	178994943.6	80728.88922	564690.0641	2967687.72	653110.8731	538351.4377	302277.8573	195269776.1	188516593.6	198339693.9	146417976.5	701353.8961	108657320.6	252796.5646	90307.39058	516754.2367	157391721.1	162453940.1	169948495.6	610787.9462	408510.9415	1240915.815	396502.2342	398656.3854	208761.4601	159833728.6	174871500.3	187268584.4	426586.6568	824676.0226	322048.1826	56536.93934	0	55523.82711	60874795.17	52429172.99	60107950.43	54949363.49	55194497.86	59770934.9	61155304.05	60049315.92
48	L-valine/5-aminovaleric acid																			896994745.4	4299489108	4452038910	14165079341	95458465.49	18541866988	67674665.94	212686866.6	119904650.9	4172709276	3991453346	4284367016	10556232909	137371733.7	13657530869	216433291.4	26064963223	79211787.4	4415387047	4696628870	4806076868	18759115085	2946670108	2686470539	224509279.5	1043644305	154326429.8	4076027539	4328297497	4828709105	10454450945	142825739.7	18721300541	126703473.3	20629343311	109435045.8	7999415962	7957126392	8483738422	7887153304	7960244899	7976746064	8278977265	8345955727
49	 4-aminobutyric acid																			8836508.491	28335995.29	28301131.5	79746071.02	8497084.139	96602183.84	27270059.43	69176860.49	5329167.207	32309002.84	31573609.39	36897050.62	212283753.2	56660000.49	277368507.6	46148722.18	750091029.1	6833115.472	37745319.88	50112250.59	48292130.19	86922835.59	12858289.56	83259435.66	18450268.71	70492031.52	7679428.453	42838256.82	42896969.45	53784048.75	163498695.7	49840019.76	364260537.9	25925960.21	402763205.5	11297890.89	109006577.5	109049065.4	98860675.93	102839382.8	102670230	100449972.4	109471833.2	107538258
50	 2.3-Pentanedione																			910702.0606	650915.1047	3602063.328	1859978842	8169153.752	2096813769	4883292.679	18596119.4	6805896.256	1403811.354	0	0	34491868.28	13302802.4	206845552	18876827.62	2006687868	6865926.526	1225289.054	0	338019.1094	2246295386	382618431.5	247870475.9	9640179.707	130936465.5	11647110.32	0	0	0	1278621862	13307625.17	1584649841	8844532.366	1746196975	2606003.223	526800115.7	491178650.3	559467212.2	471554817.4	514977446.1	518471665.4	528427615.3	532397454.1
51	Imidazolepropionic acid																			706521.6388	2822746.915	3522999.113	569995237	875670.8061	387848112.1	1618941.705	155810113.7	61410207.74	3361761.42	3708725.611	3496979.883	3071072.258	144891131.8	221714447.2	1992841.703	3289892.573	1307750.904	4041888.137	3681124.793	2927149.591	284935546.2	1228547.386	169259293.9	1341038.562	108635080.8	1841481.209	3536787.368	3963573.115	4360840.791	119127752.4	155264815.6	161070079.2	673220.3658	6190699.184	2775206.719	86524461.42	95414794.24	92428907.36	95321077.17	94188055.07	95392780.98	94520163.98	90430578.36
52	Urocanic acid																			0	427911.8528	533887.077	0	0	123313.4979	932354.212	92468.5168	610170.3632	0	0	470349.3435	7749534.832	1162310.622	11211455.96	1078067.349	79507.16723	539179.2028	0	450647.8582	0	619327.0545	396922.9195	276207.1379	1220468.591	0	0	0	635344.4006	900055.862	195763.0562	1305417.023	730542.111	1259584.235	0	530113.8062	6991052.621	8492244.9	10137564.61	10061738.36	11641419.08	14165617.44	4295244.657	4295244.657
53	D-(-) Ribose/Arabinose																			517222.4791	1852212.68	1879401.526	0	0	89880.34934	0	0	0	1885010.719	1921844.022	1951544.814	4775970.673	0	7067184.526	0	5840338.218	0	1808499.992	2510678.914	2688743.064	0	0	0	0	0	0	1984698.186	1924494.495	2602711.439	0	0	0	16628.25806	0	0	1412167.833	1447726.404	1281383.094	1250425.461	1334511.631	1234063.524	1404687.403	1388660.384
54	L-methionine																			87673891.85	485615500	513610746.7	1591133.967	1761806.361	22535066.99	4884950.415	1201733.641	1846006.009	487060732.4	459317214.4	562860306.5	1431115748	3140056.668	1724648045	4096858.809	1154995572	2463886.036	432895381.7	577645506.4	559135236.6	11164697.05	5342923.208	4318250.708	6817029.527	3518920.792	2954514.876	532495062.8	505089911.7	600246472.4	7373876.134	5005000.067	1622235.692	6247152.149	3642980.779	3023864.133	323717144.8	333689679.3	316199768.3	291717405.1	326905815.4	353623596	320513813	313897970.3
55	L-pyroglutamic  acid																			258686439.8	1274145626	1324534443	0	0	0	0	0	0	1062617925	922558556.6	1224319146	4005132993	0	0	0	0	0	1229495376	1414042858	1445215358	0	0	0	0	0	0	942779376.9	1161730335	1271581081	3574231946	0	0	0	0	0	842389106.5	825086490.9	798497139.4	794238846.2	839090050.3	824660978.9	799588742.2	821934483
56	N-acetylglutamic acid																			2198729.202	15344586.56	16928557.87	11817641.48	570482.199	8926301.479	1668367.532	10415913.02	798474.8618	16320590.03	13690662.85	13189749.43	95863243.63	3212878.331	83800420.26	783330.2074	14035236.43	616584.4838	17492717.15	19076048.26	21307534.58	28309617.52	5382924.315	28297622.52	9603391.767	13217168.9	6994688.234	14580397.77	16319197.68	17154788.41	129348441.4	2731984.748	16636354.04	861800.5927	13803392.16	391020.2164	20757591.14	21698049.19	22812189.14	22501636.54	21916515.77	22501768.41	21025821.14	23219583.73
57	L-tyrosine																			4148999.356	30836727.55	31056680.46	1683411.407	10434256.08	344897920.7	4596389.829	7959302.892	8199554.986	58812211.09	36271896.23	31470232.63	355768457.1	9596425.03	513873210.9	18695787.46	53108280.1	12905347.13	15993687.12	19005106.56	17009928.87	2180637.061	3375020.213	6602355.755	3159154.771	3443829.489	4146888.536	73670069.95	70041753.74	125602935.1	14096075.26	10572680.33	21089791.02	15851105.13	14727199.19	10916216.07	68820797.9	66895732.43	58686567.95	64576946.48	68283977.62	66278428.63	64854963.64	65401969.17
58	L-isoleucine																			1395330120	6968785475	6938195551	42535620.89	10851444.57	464634555.8	19157797.94	301059473.6	8037789.474	7754669238	7243674586	7999220574	18465686753	18756485.3	17756171548	84435195.35	17331692925	10342214.84	6785429684	7771349606	7382276478	44167770.03	68001821.01	269172263.6	255998814.8	148041889.5	15552124.68	6796823043	7230308265	8049262397	801851412.2	19577310.81	13227695086	52244310.44	8930933443	54925477.94	5655428405	5513798202	5508541505	5557171093	5593566605	5642416534	6124697739	5319822954
59	L-leucine																			663531910	2918787513	2849797804	32513181.08	8399408.458	302535958.2	18180409.14	146747724.2	4591334.792	3209937070	2911799206	2972256975	6520292206	24000989.25	8729052071	51374285.67	9091834490	7184994.386	3028563363	3818775297	4393568674	25763472.54	45334854.02	159754261	166953673.5	97643531.18	17553076.28	3219777996	3325542536	3723483165	419135675.6	11309835.46	4266948270	36593427.87	4473878784	56694664.78	2183824868	2543504987	2471048132	2116046179	2129837248	2278190063	2129140131	2184197496
60	L-phenylalanine																			733473869.1	3740494015	3964645643	4946340.841	6013592.981	7937859905	19165318.06	29097074.98	33345244.82	3731067860	3649492876	3697295489	9108578538	38345002.17	10232762264	71870010.97	9525785656	86399970.52	3719373743	4602652050	4227832124	4580500.195	5905503.255	7251333.542	6250656.783	22427977.25	6876438.266	3597956426	3858677232	4276751089	213860740.3	34082440.7	6876781091	50097360.52	77011376.91	27023552.75	2788879050	2823177452	2678173811	2710200151	2878986289	2913825960	2727883406	2928002583
61	Pantothenic acid																			0	42004.72221	55307.11559	25405622.95	687840.6786	28808890.26	876581.0448	7433933.491	902525.0804	121236.134	202504.7508	344056.6743	6298855.45	9586273.35	6353826.796	1301345.162	15820025.93	803165.2226	172516.6241	400292.9948	240802.2109	26372061.18	1314574.005	27628437.88	2025788.466	6128834.638	3781653.678	77524.14495	490482.4741	422445.4561	15700994.44	12060557.83	12549390.43	470779.1427	23816833.21	612979.3682	8025701.324	8628753.563	8711651.421	8945674.21	8733843.886	8647032.448	6888651.268	7649727.061
62	N-acetyl-L-methionine																			441807.7388	2447408.768	2218796.874	2076184.658	1986945.662	4800531.322	1835188.604	1737775.339	1622275.656	2102013.374	1755458.209	1790117.804	10830484.09	979321.2002	28640930.91	1670047.415	9638396.265	1672167.15	2196612.137	2108770.916	2121443.55	2819026.753	2016232.255	1746729.548	1695823.611	1567432.717	1234312.493	2355581.136	2067769.493	2788752.37	4678477.439	1086719.885	1535268.014	1470573.391	3135753.549	1154538.84	3698991.612	3155537.55	3473313.495	3824666.27	3874543.302	3789255.757	3469786.969	3992096.712
63	L-glutamic/D-glutamic acid																			499061.3744	0	0	997461.9986	0	4927202.483	0	0	0	0	0	0	789962899.1	6710040.966	22173778.9	4476559.105	2250732.097	3331356.071	0	9662446.113	0	16306505.64	12783805.74	32222572.45	23965737.86	13873060.02	24429584.26	1162864.236	0	0	700349669	3438734.745	3685839.478	0	0	1917771.591	46844720	48011632.2	47109395.59	45581640.76	47151970.11	47689531.56	49982456.38	48889859.72
64	L-Aspartic acid/D-aspartic acid																			2948978.694	3732979.796	4630576.775	149813.9674	0	0	0	286987.2465	0	3759232.304	1762827.8	2846678.385	3099439.595	0	1022058.764	155158.0117	395093.6485	0	4549950.621	5779385.397	5421423.962	1399180.165	817408.3456	0	1610123.432	907489.1552	1530305.289	3430495.034	3892119.976	3921505.867	718875.0135	0	425881.3615	0	707482.4726	0	1784819.007	1569036.662	1660005.703	1200810.358	1357035.941	1199176.224	1070657.456	1293379.009
65	Spermidine																			1060722.131	2185965.518	2417692.41	6013426.949	2105321.755	28345933.96	581342.7677	10729461.92	312435.0699	7651208.712	5927611.451	3821944.329	55473032.13	420326.7546	28464714.2	217923.0887	14059796.76	1839364.608	8933980.112	5224908.841	10335323.88	26183865.31	3420197.839	7696429.744	7923877.418	12349222.55	24259551.98	19003032.59	13444162.83	5844604.296	6467993.822	145850.7297	6931482.511	323527.9122	10187713.42	2881307.082	6992920.486	6094480.124	6870959.11	5579399.171	6679661.384	6471504.694	7109230.333	6376387.317
66	Cadavarine																			0	0	0	0	0	0	8200570.547	233819176.7	312597170.1	0	0	0	0	10377723.01	0	0	255270380.9	317705749.2	0	0	0	0	0	124238406.2	211306706	355706830	501426876.2	0	0	0	0	0	0	0	363760244.9	466208657.2	59195926.7	58937716.66	56105755.48	59396164.14	60706280.55	54789356.24	54757233.99	55758614.27
67	Putrescine																			1623198.806	2269780.609	1420477.698	374800185.9	1263404.249	355749101.8	773704.1337	318540446.7	66183.03706	4261668.744	6383634.097	3935200.117	269951932.7	376536.6761	329700822.4	278481.6733	366541302.5	189322.9432	2450453.719	1372469.867	1654323.093	380308051.4	723648.0807	339289548.2	595420.6359	329663837.3	84120.25976	4432147.843	2040258.479	3871147.32	320366596.9	279697.3869	382197655.3	78646.30829	398710235.9	0	177061107.6	184553732.2	183543227.8	182074465	184319753.5	187038929.2	183947508.3	179818476.4
68	rac-glycerol 1-phosphate																			2669580.762	1855917.93	1891239.661	0	0	490152.9013	0	0	0	1595989.027	2121317.027	2022178.5	5676144.985	0	0	0	0	0	306286.9087	714492.2449	277776.307	0	0	0	0	0	0	1340910.461	1427597.063	444281.8703	197463.8857	37354.84063	0	0	0	0	1730670.14	1367763.756	2022437.06	2349617.861	2509899.182	2568842.74	1262669.059	1106641.382
69	Cytosine																			2785875.77	6652399.979	7192382.576	357116849.4	100881.939	116054078.5	649739.2873	6258603.003	818777.7199	9517463.626	9346309.379	11112783.41	145887974.9	1047748.756	206685738.9	638284.3466	156735122.3	665381.8913	13951381.69	15910349.42	16033305.76	258741360.9	629010.3963	77261873.62	1116151.318	112658087.2	561613.0645	12576028.33	13820796.92	14711967.39	135226166.4	734755.3027	276440408.7	1724351.492	5280532.023	808504.5146	64038179.52	66318159.13	60105227.71	61240431.18	65431885.56	60990121.57	59695871.41	64828918.23
70	Pyridine																			209922.8483	334024.1389	0	9622990.315	12093788.81	10094950.63	13586649.06	11014753.94	12389514.86	0	0	0	10803666.73	13899887.76	9817329.231	13802153.24	9189267.11	12200872.65	476878.2261	183482.2737	467765.6094	4974964.869	7264668.157	8626963.491	8461284.455	7440256.497	9486862.504	462609.4971	0	256221.4187	6169924.689	7559580.733	5202540.634	7231716.155	5546483.251	7486731.035	5276860.03	5751495.956	5381332.929	5819473.221	5359716.265	4929251.968	5343899.083	6808617.054
71	Adenosine 5-diphosphate (ADP)																			35484.13401	912218.2083	1191795.691	0	0	0	0	0	0	661721.8175	549019.2974	776975.376	3238493.994	0	0	0	0	0	0	0	45848.51562	0	0	0	0	0	0	532191.51	320508.7449	261763.0562	0	0	0	0	0	0	278455.0333	203805.9077	160828.1655	173759.5601	100125.5934	252518.9359	183551.8274	258488.5727
72	 3-hydroxypyridine																			387266.964	1014604.944	1258681.351	9869542.001	12476635.8	8449519.99	12491835.6	10155307.17	11610182.31	1133888.309	853622.9271	931173.9522	6318115.709	11741151.33	6006050.869	13176213.02	6805911.719	11619560.39	1115845.945	1143172.84	776728.433	7813697.468	9996802.492	7855906.23	9485694.09	7792276.081	10247145.35	954936.513	348349.7845	1161501.678	7763031.062	8903304.644	6280710.053	10814116.34	6504035.207	9963815.481	5387609.169	5711693.618	5902972.643	5953022.725	5110007.228	6282402.62	6841655.239	6041026.893
73	Uracil																			39612797.15	126882339	143970016.5	294695965.7	2413973.099	70443348.18	1308106.752	1889279.277	2447513.615	134289672.3	105610985.8	133172724	162639304	4083122.606	373700979	3042067.131	73763759.71	1331997.606	98099151.71	83383309.39	84471658.54	69703513.62	2564142.261	98492232.38	2455214.554	4987867.984	2308643.64	113542897.5	86728092.23	73401590.63	349734404.5	3026664.596	225156273.9	1955799.688	1535069.369	1733356.15	100877535.3	114443739	99357667.15	101447970.1	104372976.2	115226295.3	102804478	99997309.92
74	Thymine																			12284720.94	46265703.47	59167181.71	40524077.29	1277481.47	18630691.7	851795.4777	599935.0651	500951.8606	75515666.24	52317728.99	67189685.24	192690102	519880.704	111962638	319835.6818	4766074.895	84250.88324	12724066.09	10232088.24	10012876.05	0	396424.8413	3564938.549	417924.9341	751630.3364	984177.7415	21457086.41	14496135.02	8382967.144	325083406.2	569299.9148	64830767.75	311115.7916	303460.5608	299702.2711	37311255.66	34615809.86	37738225.23	38002906.92	39676466.41	37521671.12	38924723.35	38073456.76
75	Tyramine																			89297401.81	338553063	370974319.1	470339217.5	558625590.2	810103365.8	787404062.6	463418274.2	466888991.7	225493332.3	214165918.7	316019778.6	238719670.1	308808092.6	311324962.2	398611272.7	422601147.7	435065033.1	364229586.9	499409062.4	462956669.3	497421310.1	505148328	524435518.2	544975035.9	487294069.6	549236060.8	196922613	226145172.5	254240562.5	227564635.7	301254991.1	199268639.9	298581777.6	244343796	261261969.7	412611669.1	394341343.5	395305333	400458885.3	401894799.8	396527779.9	441010461.7	406063881.4
76	2-piperidinone																			3080375.861	15370667.9	15824074.03	444228904.8	544535539.5	354381921.2	340359841.7	232135912.1	726847038	15540522.08	12436610.96	14915287.41	17632044.39	132154832.5	37958089.02	274492518	1150163551	847328216.2	15013958.22	16079613.55	15581683.44	5168800306	5705767198	395925778	505900381.3	386110305.1	677282156.7	14497625.77	14810550.08	14679070.47	232820326.8	295507841.5	3929354581	3432038423	4843717201	3311220702	1110973025	1032838695	1063206189	1009885648	1115212456	1088172644	1109724976	1096651074
77	Tryptamine																			533675.6318	1901487.831	1769071.142	3566743.745	4194132.024	3802006.188	3984296.622	3200464.467	6997100.339	2911615.678	1987713.903	2745675.136	3646899.047	4745345.875	4042276.368	5614720.007	3937292.162	4936380.549	2095775.636	2750343.265	2384873.345	3582198.319	4482200.643	3574359.689	4176922.34	3349961.926	6751454.85	2328336.663	2102588.873	2621740.97	2819498.614	4192493.581	3252474.967	4754203.537	3335953.39	4168524.671	4043930.882	3539930.69	3863700.801	3481570.222	3817320.346	3980017.998	3107044.135	3818162.297
78	Indole																			0	0	0	9266533.572	5852870.974	10807064.2	7135909.227	7881404.145	8082957.749	0	0	0	9760265.582	8929142.041	12914142.94	11147462.84	16048222.5	10038408.47	85175.5033	0	0	3032707.87	3290735.035	2702170.966	2638315.47	2749740.134	1540411.411	0	0	72913.78873	10465420.48	6429794.524	7942705.412	6697127.16	15321157.56	9643890.424	4627233.053	5100968.659	4428873.578	4651189.786	4820305.961	4535748.694	3886250.474	5178843.882
79	TLCA																			8445808.301	45994178.94	48743201.29	0	0	0	0	0	0	37712510.38	33479713.77	30162778.6	0	0	0	0	40651.56729	0	32269100.56	23072618.48	25509766.55	0	0	19374.70179	0	0	0	26647138.85	30887633.61	28439382.63	40825.28762	0	0	0	0	0	8109019.545	7926516.983	7380869.457	6637614.122	6848527.398	6024134.251	9611131.328	9918351.312
80	Cholic acid																			292581514.8	328098086.5	403052930.2	77459849.33	48860603.9	404913485.7	19467846.3	50333806.3	51051511.12	436563902.9	350697819.7	410646643.8	498448238.4	32265270.4	487982654.5	19771119.59	90363155.32	82294005.88	395943677.4	471909624.2	468828267.4	269349760.9	22189864.06	60940428.94	15236375.25	50438747.66	18191624.85	405828695.3	456871999.1	435726318.1	10764552.48	0	33439531.24	38863125.87	38679626.46	35978353.14	377258638.6	365281418.4	351787697	384995293.8	385409325.9	432244813.8	341698441.1	367107100.8
81	LCA																			83145.90025	589181.4841	719355.1217	4209005.503	5808973.775	506980.4968	6132872.567	3645340.201	5388605.627	953892.3427	776023.7874	934439.0087	499517.6264	5150769.368	636673.0826	6232432.129	4180492.602	5820604.35	887068.9666	1124550.111	1126665.199	2865904.178	2791043.847	2434249.564	2931982.28	1980221.131	3195016.84	817377.5016	940299.8949	1015971.893	3831786.204	3658941.501	3090447.743	4884410.401	3711460.324	4902343.187	2286514.789	2977027.792	3378639.219	3282366.858	2672167.97	2737235.738	2189051.998	2573860.428
82	TCA																			4717715018	14404480927	15499983037	3537354.811	2808653.263	116544210.8	409817.5039	5023255.117	515378.1829	17368934598	15969413280	16572289076	81461759.08	2704212.504	82760215.15	2674104.57	44005842.64	2720340.508	16443477846	16736927515	15102735761	5103225.827	1097046.367	5356714.747	2743320.152	4812281.208	1555897.696	14917382134	17171423998	16438231894	4057637.882	1932109.99	29344590.7	2372902.289	9553309.666	1354482.392	6352466488	5775907081	5790388754	6636673429	6073357400	5684381648	6823757323	6457718417
83	Histamine																			3571560.87	10921527.67	13210619.89	25033962.61	27965490.48	27828204.18	42191734.33	51894716.06	72861712.18	4399730.47	4006157.377	4941842.4	38708537.32	36714859.19	195710906.7	186710.8818	22767043.11	26243723.59	6387350.089	12665339.76	12245523.47	26890295.12	29901809.32	27054240.65	38580300.53	23962806.07	28752728.4	4353107.633	3888919.998	4413723.501	22551812.34	226088.8153	28028494.01	54529.62025	50518113.56	0	26233727.11	24633742.7	25991556.93	25380607.54	25776418.02	27742544.37	23127271.45	25825766.5
84	Tryptophan																			132012015.8	605462496.5	632772134.7	4063141.984	1429876.255	28952934.38	3880804.521	3862864.027	3686831.41	587473841.4	560042402.2	628383362.8	409343770.5	1286156.224	4219525.942	1441421.677	3712217.018	1698183.938	598499944	664466398.9	652270267.7	2089492.542	1737094.831	1520805.824	1435031.458	3011236.095	3073208.541	586645984.8	606566071.3	639886209.8	1326358.246	1099564.41	2740326.58	1836720.232	1961440.475	1010306.204	237482884.7	232370503.1	246352256.9	222775694.2	228379289.6	222420116.1	220272045.8	249823566
85	Creatine																			4548916.602	16298949.64	15824119.85	28481350.43	8093444.038	24443376.47	6228415.68	6265019.831	4855106.319	15232168.53	13295928.05	14985818.59	24019428.72	7510321.923	21196668.81	8938413.907	2397883.828	4866713.764	12965073.68	13656841.68	12805045.87	4389661.189	6080319.255	4416298.699	5302755.679	8325407.352	5777354.643	14036830.91	16613560.68	17507303.74	7350967.148	4781887.822	7615105.899	4880285.376	6762037.84	5862793.828	11623723.15	12493111.8	12871489.8	10977165.3	12030669.05	13410315.37	11517097.07	12338243.59
86	 1-methylhistidine																			0	0	0	92686.00855	0	234129.6917	40273.48868	0	0	77301.21156	52336.80974	0	0	158682.9933	206247.0168	0	169229.6239	0	0	0	0	132711.5873	37712.59462	214335.9009	0	65263.52443	102352.3956	0	0	44048.77744	127300.584	0	218656.6238	0	301692.2199	0	0	51393.41015	79095.81918	0	0	59407.73056	163003.7513	0
87	Creatinine																			5731373.894	28810635.71	27126097.02	96528499.82	1081828.169	81502923.03	3068699.136	69671927.17	2223222.905	30197825.29	26110559.4	31717317.52	78899521.41	2051869.349	108491013.7	2444483.637	46434790.26	4744199.206	23398200.65	29755932.54	29089099.47	97709977.53	3109928.578	91114182.78	2565185.645	35541825.91	3830643.923	27549484.76	29229236.8	35799337.52	74027533.79	1170313.447	76449277.7	2397088.212	27618388.04	2784247.862	43258474.66	41820591.89	37938264.85	40947112.45	43651119.34	42329909.1	41267680.88	41267680.88
88	Mannose/Glucose 																			2840798.818	13325604.51	13403991.43	4655940.126	2606948.946	8701433.149	2570473.879	2759755.586	1486142.986	20872152.66	17905402.29	21680280.22	12980430.13	5097308.671	8317725.486	4722456.206	5462930.91	1944551.612	11739578.69	13092515.56	14518665.68	6228128.331	1952663.687	5277484.567	3146405.96	4238331.13	3007300.152	11385255.46	11985353.44	11662345.82	8009057.814	4369719.177	5952238.307	2817421.977	3390979.81	1682307.711	32764961.73	30457502.59	30426817.16	31795308	34584297.05	36312909.51	21750165.3	23264270.96
89	6-phosphogluconic acid																			409404.0219	1701686.986	2203075.747	849664.4886	203727.1402	1873620.068	922977.7297	1115957.008	506960.4671	2531525.395	2297952.339	2081745.55	15263567.19	1492987.382	3504200.871	1618791.96	2062666.692	749588.7691	959762.9723	673062.929	587918.8862	422931.5535	151630.4194	462765.4892	605677.1732	436969.435	164925.6252	3587380.74	1557607.032	4195848.89	1920976.768	935111.6618	598135.704	112816.7858	804964.9147	125763.9291	1657175.301	1377836.392	1432268.559	1305951.68	1518927.781	1553085.834	1552449.748	1947923.888
90	Choline																			9907957.233	2064832084	2037365206	111639356.6	79300953.98	999696801.4	34096157.81	47172602.72	24552151.57	26900668.85	1924550783	1399183223	2088071476	72677088.93	326640868.7	81964876.85	84317436.96	94801620.29	77382134.45	2003481252	2078743223	131507459.9	52919708.74	113491688.5	40952506.07	14144842.43	29137419.08	43052370.34	1980358037	58628459.78	422202914.1	71886031.36	194159553.6	55877942.91	60073394.36	80893689.98	860649290.8	900003325.8	925016758.3	963671252.8	1009055001	1029450779	784057090.5	772319869.5
91	Betaine																			538580245.6	1628280150	1617715714	0	0	2271180078	0	0	0	1638109262	1539997115	1613511847	1326901960	0	0	0	0	0	1574231657	1589814883	1638889671	1758156399	0	695854645.6	0	0	0	1669268654	1613933088	1744403518	0	0	0	0	0	0	582690522.1	745634208.5	647601670.6	742087228.4	0	570003950.4	792281766.2	803051478.5
92	Xylose																			4054956.665	19006225.14	20278042.23	39485720.25	5206114.302	209196982.1	10282677.97	19574483.44	6348889.4	26342933.46	27715304.52	27066306.51	95901479.21	9323251.75	182164557.1	10430934.95	45829866.39	7611220.426	19489126.31	24996679.7	22589890.06	42189298.9	7957008.832	25995875.8	8459357.369	14087414.02	4670634.386	19860808.54	21385157.22	21726610.31	170144251.3	8279297.847	38146548.28	5611945.193	40255711.21	6725998.833	40596973.62	40869200.61	39911093.89	41480134.62	41524347.27	41485978.51	43560995.44	43455450.38
93	L-dehydroascorbic acid																			40921.59744	690466.9676	975281.8347	423510.0885	94063.1597	507094.0305	91652.79275	491230.4768	21935.17581	981939.6123	1094614.174	1128230.491	4135800.617	73357.87582	3329621.386	162302.0049	2448232.968	91757.52344	659967.3668	792214.713	955152.8299	782069.1908	98677.68245	438795.6485	51657.79004	604739.8619	62729.86708	840072.4091	863692.4251	899939.6929	571343.5804	60320.54238	342754.6241	13189.07611	227790.1735	0	538857.1328	716640.8684	554486.4099	552330.9913	686741.8348	611613.5406	701445.2338	603425.4813
94	DL-2-aminoadipic acid																			855920.2544	3350307.897	3178240.055	5533606.465	3641560.193	3599616.749	5308610.977	4666973.155	4858692.508	2378735.371	2596207.345	2677421.125	2844546.137	3947276.019	2467216.233	1693282.334	3746125.936	1925987.175	2487002.706	2436433.603	2352013.18	5318353.062	3368815.929	4236780.448	3988071.52	3189693.428	4765203.202	2573620.77	2859491.47	3063441.199	3396685.983	2884985.213	3601653.758	1516245.071	3887573.03	2693633.684	4297461.269	3623189.56	3333669.73	3778143.235	3035349.907	4058202.591	3826267.17	3768671.355
95	Acetylcholine																			257225.3167	1419097.292	1949685.859	5385016.898	4798736.294	4313311.201	3761596.801	29782972.35	10907766.22	1073421.892	1162843.95	1030788.52	2686566.242	2880180.19	12200756.32	3298691.256	31893127.77	4165037.475	1076014.604	1388179.83	1499090.932	5066932.539	3313811.666	3655288.396	3401914.844	8580021.906	14828578.33	998047.2335	1397949.182	1064894.754	35655186.71	21402469.37	34786681.91	33926732.22	10090353.39	4372817.09	6070520.687	6729873.45	6355717.955	5890040.47	5737450.106	6273307.824	5786858.503	5788317.738
96	Methoxytyramine																			0	110252.9957	212440.7895	693115.7129	163870.9079	513155.7489	139336.7713	436502.911	30277.68097	222791.0304	176950.1889	126995.7904	897536.3838	90208.42274	831981.2546	175011.4122	963276.5816	41131.98379	87959.39195	48665.49339	230537.9905	958114.0806	91197.32857	786988.1622	231662.4451	507621.316	35519.03447	124016.8929	177485.9811	108954.2357	349724.397	0	142755.9221	0	206142.9737	34379.17754	380515.7941	353337.8545	207399.5727	321533.9284	320312.1606	221302.238	270747.9703	240431.4057
97	Kynurenine																			0	385856.1013	241294.8079	5153336.466	105061.7937	7474800.389	84172.38953	2744744.84	2537330.448	369482.2599	466593.0629	461959.1311	10221619.88	234810.5162	9401473.08	758400.834	7249528.854	370048.0375	105098.2133	469761.9954	175140.0515	2470008.541	0	2613086.493	0	1558476.109	1362920.105	351886.2053	627745.7692	519560.8532	6926848.212	36122.78299	10180256.91	396884.2615	3348669.048	127192.2372	2512035.325	2070570.76	1982719.843	2816386.569	2402670.85	2381981.66	2226675.754	2368406.295
98	Taurine																			43465762.94	23593120.71	24990055.08	83201617.09	0	92182369.08	0	111598970.2	0	21884133.51	26065123.45	25752901.42	81750236.05	5423732.583	87309267.02	0	127828096.4	0	34973860.04	45378024.43	48905302.16	34209834.76	0	116182384.4	0	94085155.98	0	43539086.79	41526115.36	45424513.32	94363258.34	0	1379748.923	0	5143545.521	0	40777037.99	40242700.7	41651572.28	42525674.23	43744236.22	42887112.95	37655198.74	42582625.02
99	 4-methyl-2-oxovaleric acid																			9725809.776	66377329.53	80846121.4	1171538.062	530497.3427	462258.3405	567780.8215	705781.9061	0	18869686.12	15369505.85	13269419	20206787.63	422464.9197	18011701.29	0	9535269.949	0	51319230.68	47136872.02	55713064.59	515202.6025	0	0	4408770.362	533808.018	0	11502015.77	9893844.35	6379384.364	1635801.077	757758.2023	5802375.334	0	4659615.683	0	13638439.16	13429729.02	12660337.27	13215481.44	11903504.9	12887556.74	11614147.18	12771344.03
100	 2-hydroxyisocaproic acid																			524754234.3	2657073697	2697956511	0	22967275.95	9052451.212	12224558.65	7573033.613	1819677.271	1834522539	1733890503	1561445315	1464615384	112717547.6	2060882291	9148261.308	11222918.17	2852760.755	2566179967	2796821600	2791529608	8119665.704	20327396	9345439.921	20135936.38	12869990.97	2186510.96	1677848139	1922543446	1831118036	153887425.3	21850372.04	179580572.8	2652723.04	12947394.43	0	975860265	978719405.5	963748769.2	947309412.3	973279645.8	957629043	909700682.6	1002902956
101	 1-methylhistamine																			0	0	0	252519.0642	384569.2253	241352.3137	93630.40132	2098404.14	662471.7183	53560.17822	0	63322.90971	98457.55132	410171.167	86428.05079	89124.57691	141865.1268	395718.7287	0	0	0	76239.43751	366594.1472	94830.38839	291851.9757	275040.5445	535855.5921	0	0	0	0	277641.2189	308936.1054	248733.0006	416150.5905	406321.6495	333933.3612	123057.0126	293606.9984	80646.74442	94277.19417	401204.755	85994.57456	258196.7447
102	N6.N6-dimethyllysine																			619129.0134	1440355.026	1451825.917	2814571.292	0	2657861.503	4050862.139	2645406.972	2273604.818	1581799.698	1225673.859	1355651.645	1879521.572	51861.59507	3916477.881	2911262.117	2443550.596	1180728.765	1455974.543	1133123.088	1331904.638	2964689.523	2660307.721	2993027.378	5669948.466	2827854.964	5024812.263	1413581.72	1089584.626	1413582.022	1648219.9	58845.44033	952986.7275	330840.6559	2214761.48	538779.9425	1598582.634	1555597.145	1622873.624	1420900.26	1282378.035	1555745.248	1953327.179	1622327.249
103	L-Methionine sulfone																			508442.6112	1044409.651	1602841.879	1675385.993	0	2409995.403	0	1726126.727	0	720552.5235	609893.6597	1039319.378	2904776.637	113348.1101	5101811.978	81127.70407	3363634.338	0	790877.5607	876383.5588	1271688.267	1538115.976	0	677685.1386	121047.0827	2286227.381	52362.79452	755239.8624	667445.5829	785690.2428	718805.7006	0	567057.5116	0	1573853.265	0	1308473.567	1304327.042	1111122.359	1011244.764	1130480.56	965851.7361	1243016.723	1437076.343
104	Phosphocholine																			1270658.632	348030.5106	1606137.061	3389216.753	0	5598804.344	75986.50506	14519958.67	0	994472.6591	1034148.313	1611096.344	4477400.087	0	2675426.093	0	7424720.33	90068.58036	1611604.892	1354108.27	1332400.979	2737089.169	0	4012850.494	0	0	0	1162677.92	630849.7917	1237762.043	4218401.159	0	4937138.645	0	4043982.067	0	1495160.364	1901752.967	1607913.301	1447586.95	1550733.188	1639530.852	1430135.411	1564782.613
105	 1-Methylguanidine																			628972.341	1967848.62	2434835.651	3016850.496	3879277.582	3013293.19	4088608.768	3505436.27	4301334.48	2393862.721	2386704.483	3264577.233	2274397.39	3456471.555	3040503.65	3750636.11	3008121.392	3961549.266	2131620.727	3071739.683	2497228.061	3108872.708	3558080.602	3187534.229	3886776.896	3110383.467	3439227.478	2615256.481	2676466.999	3407548.646	3107688.524	3920479.765	3435506.558	4337292.442	3288436.648	3648159.409	2958218.471	2893838.077	3387003.574	3161256.267	3176868.799	3317904.933	2844840.615	3048244.847
106	 3-amino-2 piperidone																			11343840.95	55242150.71	52120551.83	48629966.62	9707610.366	34763847.36	8412676.247	44642512.98	7585600.445	50072818.24	44481289.3	51689827.98	68144686.9	8325748.274	59796683.98	10091564.08	88499352.94	9408956.004	36781812.31	40298237.43	47434330.57	68179054.22	10660577.34	61088620.05	9634269.618	68128024.11	7149230.981	35150272.5	44835752.27	51210055.67	49044424.64	6546868.752	48224128.96	7867287.578	25672667.96	8087382.621	44428589.05	46066397.73	42811255.11	43834148.36	43969799.78	42812524.31	44449302.35	45522704.47
107	Guanidinoaceate																			52265.74649	88321.01352	343696.1805	164939.5229	0	188686.8955	0	121932.1079	72059.11455	137311.4393	268480.3545	378893.6212	279773.6371	100231.4876	330463.1126	0	230815.2532	68231.1501	178503.9967	0	0	0	59855.86946	205278.0671	61475.20379	110564.7789	48129.79876	205847.0877	237231.2183	440279.9471	295950.2772	0	308942.5977	0	159200.8988	0	172854.5632	89324.62993	235440.9312	81185.73405	127171.0737	93771.19389	89290.61469	232242.8571
108	L-Citrulline																			30989170.23	80149925.02	83128751.27	348755.7202	362762.4347	3668114.533	0	113053.7696	415770.9707	35736885.12	27453424.12	34623866.32	35919505.05	304179.5179	619853.9659	414601.8683	1063697.262	129356.4155	71493003.27	78439559.12	83611051.84	2980696.186	444719.3823	3099750.032	520965.3768	1467255.799	604757.8219	38046647.9	50770343.48	42613257.97	4731151.424	388795.8032	99872.26598	343236.2083	434745.9892	214630.4916	15762145.43	16742949.73	14024632.96	15766479.92	16272769.45	17033888.9	15195146.39	17631798.36
109	N.N-dimethylarginine																			1031824.291	4365726.641	4277068.856	1878667.023	1317596.674	1360929.652	3478577.597	1826685.474	51552.01584	4195061.796	4132423.887	5280309.036	3751570.008	2797329.432	2297698.45	70668.01834	2371975.43	851716.9056	5246674.819	6409164.12	5620994.352	3027042.634	1458189.023	2324549.647	2402182.369	2283411.591	479505.8422	4060666.881	4451526.143	5854725.062	1994089.242	2067049.399	2234166.09	0	2603774.024	348784.8424	3003508.402	2924362.649	3143619.208	2818020.598	3770045.832	3559160.251	3442582.281	3634746.92
110	N-acetyl galactosamine																			167220.6004	314847.7644	700848.7823	600702.5479	864895.4647	486611.4843	1148342.718	1241433.137	491786.4621	286217.2744	613155.865	1000746.007	758733.9552	377863.5029	2122806.91	917314.5693	1252551.7	572287.2321	508998.385	372320.1459	436350.9265	685815.5525	759528.3258	587328.7731	378007.7045	1776500.174	95744.66012	407097.3796	660928.4676	408310.938	3847034.641	924047.0332	3447125.967	454344.9637	1749624.013	492118.4057	36222815.37	38001455.41	50189549.81	49639881.96	59987973.22	55070345.2	16227154.2	24248239.41
111	Glyceric acid																			7647418.976	26377155.85	101112145	2317902.712	1052687.732	2709429.93	925127.4931	1260926.07	715949.246	21233019.03	25652204.33	12818605.42	1394521.224	1758927.821	2535801.829	803911.4543	2673362.29	1346360.162	18175750.79	13556943.76	76488344.47	5189336.42	1442071.462	3354660.893	1041926.384	2612819.759	1009662.672	15709511.13	17749556.36	17540937.46	2081170.794	715817.7064	2133847.194	612945.3717	2427113.322	1148931.199	9204985.063	10127039.23	10537758.67	9924751.316	10120058.54	10874388.09	11017077.99	11708847.91
112	Homocysteine																			174540.4706	501837.0918	696225.0649	319262.0469	577832.5559	305805.7843	391604.6714	84862.85689	163166.9721	4603702.796	2930405.097	1828581.391	2694418.002	117285.9776	2029826.032	171526.3833	963799.8042	401356.3631	1546824.551	894003.431	1443899.155	485823.5919	410345.8744	1034521.949	391448.4221	527630.1793	211457.5231	1404555.914	1703026.6	1930414.421	475273.3877	538413.1877	480998.0265	539548.1006	673071.1159	263220.3091	1539252.32	403338.3692	998036.2646	758327.4774	868843.1044	813219.9557	1026286.201	527544.4059
113	N-acetyl-arginine																			0	185464.1132	309727.0258	1533040.205	51615.62095	1145689.101	231945.6191	1104442.702	50686.40045	281566.7349	409124.7178	377366.1002	1971847.756	245611.5962	4718963.504	155906.0981	2171746.084	37343.34908	272327.6956	122321.9101	320561.3609	2209716.083	391391.3406	1729404.94	647608.6668	1808089.273	259080.2503	562559.7003	513080.1165	496284.711	2227195.703	138468.2719	4246881.126	237775.8603	0	90733.38228	1171882.892	1103269.229	1070143.251	1114500.488	1131814.24	1244495.459	741058.936	951703.5887
114	N-acetylasparagine																			1349334.84	7490809.838	8282690.143	1976863.837	706132.4313	1459644.052	1111590.266	2982276.208	1294367.677	7901030.245	6532308.048	6918809.986	4289870.805	3983365.938	3894855.748	1150910.724	3042184.433	1453452.004	6779102.879	8189104.246	7784982.673	1782514.808	1041142.647	3525474.552	1512771.486	2606248.035	2191844.795	7164331.939	7065729.772	7249007.355	76029759.09	4456433.748	3878677.705	278744.1376	2664420.036	1067525.333	4770321.688	5182086.627	4960275.014	4667163.355	5152054.757	5163194.963	4961794.704	5906302.48
115	N6-acetyl-L-lysine																			3435284.295	19875478.33	26246829.97	27619606.09	11366257.78	36020983.39	1657300.9	36983691.27	1701057.17	19966247.18	22661975.24	21147618.81	43992397.92	2604744.871	76616207.42	2324313.927	27357363.91	2282525.18	23735653.1	22434638.36	25052312.05	91164339.6	6582088.939	32944954.89	1885042.132	26524907.49	2331075.013	20829313.51	22148878.4	24902782.91	42223955.8	1391631.293	33784987.31	2940908.421	4914888.799	1967943.597	22369323.25	24042388.1	23930145.4	23902893.43	22874840.7	24434758.41	23205622.81	22307446.46
116	N-Acetylglycine																			1162730.725	10217817.56	12949044.02	567513.1337	504513.4942	15908796.75	349069.5049	356946.5211	543480.1811	3195919.547	2400783.622	3058171.105	5491692.275	1916663.066	1622566.141	1394914.406	1141450.81	2520714.442	3668237.894	4974104.114	6640234.381	7618641.455	105908.1261	1989280.818	1102291.586	0	485495.6879	2855677.502	2860377.209	2713535.408	2771617.003	1639074.766	729911.9426	1874064.067	986195.4873	2333935.436	2963880.679	3263436.654	3387122.363	3041840.805	3051921.92	3310025.764	2980989.087	2824909.589
117	Isobutyrylglycine																			0	499297.5859	933078.094	4527147.383	2181999.212	6413294.802	1993748.874	2845054.537	2131589.431	847736.4611	544088.4936	715209.8047	2344096.37	1513600.239	5103825.56	3668498.51	3865804.507	1586788.386	0	701530.6698	1090265.822	3995540.49	3890000.49	2548439.542	2401071.443	3126512.987	2417202.551	603780.9117	497614.8841	707054.7497	3675634.631	2152982.08	4080896.217	967544.2559	3355460.801	1554371.577	2972686.03	2363042.626	2501222.773	2899204.485	1921403.759	2622234.85	2111758.833	2360855.987
118	2-Oxoisopentanoate																			1087150.383	5879388.62	6796854.397	11603822.89	20231925.88	7942153.638	21327569.64	11463928.65	21681251.39	5575741.894	3627707.22	3656524.801	8627752.065	18903110.65	10619782.37	22575356.64	9801550.967	17989281.26	15321487.25	14220806.37	13599153.6	16749790.09	22708910.85	13866228.1	24338409.86	16141357.37	21603003.83	3856131.421	3839420.015	3988111.669	7668499.498	18732238.64	8955439.941	4117270.137	11337845.54	18676401.79	12628968.2	12707754.89	13077195.6	13432450.49	12366721.88	12833983.4	12288027.72	12978592.56
119	 3.5-Dihydroxybenzoic acid																			0	0	0	418442.0713	172539.1993	0	367193.4208	54645.37136	244668.3694	0	0	0	81118.07548	210409.5392	251660.5508	342793.3606	58994.29763	54591.32793	0	0	0	324524.895	127132.6094	281871.0551	444704.832	664419.2293	200205.4324	0	0	0	230098.4138	51378.50279	209406.8988	264011.5317	0	0	134506.7921	64271.5956	54174.93851	0	120076.4259	86334.47206	57978.85588	135811.6661
120	N-acetyl-L-proline																			0	1163006.775	1271305.047	9143675.656	11677207.16	6756516.72	788894.0176	4330973.992	3884066.529	216971.2285	996554.9253	1074677.677	7211793.873	7301208.31	16723910.25	13869027.78	4154869.531	4129566.137	4146118.069	5695099.703	6754767.964	9571397.43	9859332.771	11411382.86	9502576.303	4403850.223	3766961.996	3013159.251	2388831.852	3973413.357	2997611.32	7053675.141	7949533.577	11849647.88	10247333.84	10558028.03	6914566.92	5534271.386	5450558.328	5883084.935	5224539.09	6413164.705	6058182.283	5808653.347
121	Hippuric acid																			1449714.127	8142302.444	7791710.519	0	42814.70181	373779.6896	0	0	0	9479220.807	8839905.433	9676856.585	0	47489.22663	0	0	40890.12253	0	8043187.65	7575948.672	8097705.868	82318.38743	0	0	0	0	0	8303287.604	9573535.093	9991759.875	0	0	0	57500.82491	52906.99288	0	3209072.137	2326311.46	3376358.181	3379403.531	3004970.815	2439380.922	3049934.241	2386235.876
122	 2-Hydroxyethanesulfonate																			1293034.335	1462230.184	1784423.811	0	0	315432.2671	0	144940.4041	0	1497637.503	1288118.524	1513291.752	694707.3053	0	382686.0757	0	37617.74145	0	1292251.732	1714987.688	1238276.736	40523.54074	0	18353.49667	0	0	0	1815565.986	1614083.802	1103581.708	566241.3188	0	37753.19678	0	114934.7151	0	270900.6407	349224.0529	120335.2103	169095.2837	157846.1201	173853.004	213615.5572	413915.0677
123	N-acetyl-L-phenylalanine																			677888.0014	3272959.113	3439411.333	1275133.786	1509253.564	5378756.87	1357474.239	1029414.058	1281191.25	4925182.001	5526378.505	6084599.472	19080441.93	1489738.896	15824055.76	4335365.937	20005406.37	2304408.689	4543417.589	4829981.248	4419509.363	1610625.21	2289121.591	1411876.458	1853011.667	1287022.143	1625775.079	5722959.536	6191499.463	6402564.075	4607254.94	1500468.787	6655441.775	1599988.404	2098868.571	1353927.024	4574607.594	4827418.836	4855054.774	4712217.623	4909843.704	4974492.951	5280080.656	4681912.543
124	N-acetyltryptophan																			0	82703.75195	219720.4446	105483.512	86549.62638	279008.5975	0	213837.4016	157016.5119	375167.5967	0	103370.9461	761208.6132	248585.0735	1221246.121	206733.9587	271796.588	725842.9031	162883.5504	158622.9008	154656.1475	105465.0412	366997.9099	256742.0985	123321.5679	84035.07718	186546.4111	205179.0493	428582.6286	219187.2643	155491.688	203024.2935	266749.4912	163138.8611	106866.2441	121384.9054	408656.7522	129784.9378	432430.6577	401925.5912	222992.6969	105955.2556	197098.0315	281114.1547
125	Sphinganine																			0	0	0	5146014.147	3701941.923	994058.8788	1716695.654	5985226.983	1246379.175	137184.5407	0	0	0	598038.9604	7366055.645	88421.74159	15618337.49	2365697.762	79527.58825	0	74054.05897	11397244.97	1243606.62	7335732.713	474525.0547	6249747.805	352609.6704	60897.25931	0	0	2460176.046	213552.3515	7910074.226	828446.1533	13038512.95	2219457.82	2561344.212	2533480.593	2259621.629	2147371.252	2710699.954	1874592.401	2290581.058	2933303.683
126	N-acetyglucosamine 1-phosphate																			167220.6004	314847.7644	700848.7823	600702.5479	846675.4542	562086.6774	1148342.718	1241433.137	491786.4621	282216.9381	613155.865	1000746.007	2571015.154	453924.1478	2122806.91	917314.5693	1252551.7	663368.0425	519233.8856	619182.2636	435557.8623	685815.5525	759528.3258	587328.7731	378007.7045	1732753.041	360424.1402	407097.3796	660928.4676	407251.9676	3847034.641	896206.8205	3447125.967	447788.9595	1749624.013	492118.4057	36222815.37	38001455.41	50189549.81	49639881.96	59987973.22	55070345.2	22416727.38	24248239.41
127	 3-Phosphoglycerate																			521055.4449	708206.5847	853366.7252	89165.81442	0	133081.6857	10981.43625	70738.88565	64560.61897	603349.2734	329688.5331	250405.7234	597980.3337	36521.79254	172827.9921	17545.69312	128070.5065	46581.62464	381999.8875	393214.3366	160902.6869	112184.8593	0	19607.5829	21201.45688	29661.78586	75415.13939	414809.6195	708962.8105	607994.7639	157894.4141	81645.63308	106436.0813	0	141463.2327	14925.69518	100591.5297	107778.9555	114415.2133	118459.1465	72683.96413	156341.1135	109825.0839	75800.48057
128	Cytidine																			1486837.102	5519962.552	5996579.82	3621217.721	4440754.399	6121147.151	3728926.281	3461517.752	1109283.193	9770413.978	6449782.531	5846234.486	7115939.329	1302758.265	6982515.071	2307212.566	4068639.581	2042728.843	6149389.691	6656114.778	6210782.942	3307718.246	3371163.635	7008291.068	3822442.526	5306160.757	1158264.671	11362768.96	8523320.681	12925481.53	3655809.594	2144622.363	1799909.445	1813995.578	3406934.087	1925171.759	9439673.221	11019739.06	9572515.711	11571307.36	11221848.81	11774124.83	9629929.784	8567145.557
129	Pseudouridine																			2450981.872	11366015.35	13231143.7	3928463.292	4269112.937	29322965.11	3127767.205	8068473.644	766160.5687	11286227.52	9690324.681	11531687.93	32847181.4	780483.1207	16003961.56	2863351.209	985156.2214	663142.3722	13986820.73	16099655.95	17371724.94	2954594.691	2382996.537	5272491.301	3241261.403	2998843.961	611374.8897	10013495.88	9362719.934	11561347.41	12942627.22	1077210.164	4205884.903	955554.9646	900412.2737	538165.3792	9756907.095	10406403.93	9579872.038	11195447.62	11004852.86	9825573.604	10014661.64	9917482.628
130	 7-Methylguanine																			1907126.794	9457978.21	9357025.039	40354180.49	264353.5125	36635768.2	64072.77234	37342714.15	222300.9095	10244441.17	8817176.346	10132160.89	32374471.71	49133560.77	37971033.24	934780.8267	39974610.82	331817.466	10060465.48	12111089.61	12611315.58	45940917.97	55741.40163	31551329.68	136183.3556	34645602.64	43091.20051	8982589.199	9121319.379	11303438.96	37529053.01	54111644.6	37404226.25	218844.9223	35793856.65	121251.1485	21525146.78	23297690.97	21756844.32	22509335.23	24366003.31	21824672.27	21392452.72	21269521.46
131	N-acetylvaline/Isovalarylglycine																			237237.8369	1336269.762	1329038.847	578248.5189	180982.7606	6044381.476	0	111244.4911	204877.9703	1347812.596	1358037.003	990005.7723	4811912.66	276869.2054	0	194396.1001	12867264	178413.826	1327844.324	1883869.356	1226007.642	1923348.683	0	608881.1992	0	324057.8219	226948.0505	917523.8304	0	1540380.059	4679566.695	91614.75405	4582084.01	0	4566551.833	69614.22594	2291834.263	1866436.071	1573338.729	1752970.387	0	0	1531166.824	1798961.543
132	N-acetyltyrosine																			235513.3371	1521962.207	1809594.918	4017250.137	3769220.49	3592159.319	3819460.572	3713650.049	4063772.663	2021116.554	1906509.863	1854023.768	7793448.349	3790932.925	14501554.17	6572989.048	10434001.77	4721935.358	1865092.144	2304042.744	2577527.114	5165561.817	5068120.309	4297844.826	4593381.027	3911087.917	4102166.601	2183579.857	2362395.229	2487843.273	3642498.191	4535361.99	5548968.023	5822942.217	4546647.677	4359801.78	5064368.024	4596486.147	5305128.375	4689875.075	3963202.018	4271362.381	4166471.449	4847788.849
133	Kynurenic acid																			0	598172.9247	530004.1801	14711772.27	34414773.23	4496081.177	10724729.11	12743472.84	24091725.17	639794.0378	486932.2487	399742.1949	1815547.016	7840979.288	2393581.67	17154375.68	5612159.92	13902129.47	654417.5289	788640.2087	858952.581	22399030.33	40970131.8	16665869.16	25326712.39	18607367.52	28069848.76	485916.7085	730632.6413	680258.5797	5866141.355	14227681.32	5710546.685	24932848.86	9329594.72	17051853.21	9980818.981	9652584.322	9880142.451	10907886.24	9720851.204	10838945.02	9424737.74	9531954.799
134	Gamma-glutamylphenylalanine																			193972.3969	1316665.335	1588879.463	0	0	99568.62442	0	0	0	1253462.401	1354766.759	1151940.834	2579510.737	0	3060706.428	0	65018.0449	0	1168480.669	1342240.961	1453064.93	0	57130.25336	0	0	0	0	1034237.843	1101449.289	1051191.656	2794805.905	39573.22109	306520.5173	0	0	62498.4871	989619.3635	697631.1135	731325.3557	1060663.088	899487.3886	792162.9148	750979.3649	969167.5809
135	Leucylphenylalanine																			0	64154.63887	43655.86133	0	0	0	0	0	0	312322.7199	346307.347	784336.094	0	0	43775.37827	209225.2894	105542.909	134695.6403	443425.3591	236006.4915	321372.1082	0	0	0	0	0	0	1033519.285	1434710.256	1070219.118	0	114842.1433	0	401369.7979	0	44844.65999	667711.9467	844644.0458	861586.2792	877620.1983	646755.1131	705339.0617	611223.0383	764238.3795
136	 7-Ketodeoxycholate																			112292248	170168566.9	218922592.7	11773130.34	39374737.14	103240788.4	17755443.08	12421705.57	101685547.3	227322512.4	202114634.8	207820757.6	153828671.2	49782068.56	182057454.6	33583713.69	74416490.98	134577656.4	207761711.7	260529157.4	247087051.3	144948448.5	59087658.17	29647154.09	36122397.52	63989755.56	26251018.24	238357676.9	256062334.7	248241739.1	15656401.97	30233916.97	36264134.4	51949257.72	34422123.49	92685197.01	188726589	181925167.7	191966288.5	187327737.1	183231624.8	197831476.7	158704196.6	185434340.7
137	Anthranilic acid																			0	0	104907.0333	1758604.676	691585.9527	1665367.997	1517565.704	398653.0422	505139.929	0	0	175958.4723	1875894.441	2655916.535	2330154.734	928673.4475	493694.8598	1378563	0	0	0	1641801.477	1069926.591	1072333.985	724462.2463	943027.4277	765213.7428	96709.21622	0	0	1033080.301	1461424.729	1233117.108	473389.3303	1226399.012	1014877.316	684830.1913	679105.5066	832582.5782	1015368.927	678042.8545	768007.5206	583070.7977	588761.9856
138	Indole-3 Lactic acid																			642494.7301	1921682.406	1885019.47	338962.0598	418338.3521	1563153.517	271722.044	258265.6513	0	1905898.773	2366428.621	2456540.279	25243412.54	5378159.191	8382162.933	249588.7568	945857.4626	183992.4628	1575910.082	1495546.229	1272660.389	653613.9063	696464.1168	950553.4852	356366.4272	157630.5949	0	2428297.67	2580440.531	2780920.663	9812356.844	1743081.665	447170.527	393408.0735	1500905.236	249341.4221	2587111.401	2134237.03	2266173.285	2589073.131	2173521.539	2758391.762	2790578.308	2927014.196
139	Indole ethanol 																			71432.64483	362503.983	532392.991	2133378.652	3266478.188	1480717.991	2430361.835	1926327.517	2406701.534	157482.5867	174871.9832	219890.5246	1791578.447	2325666.985	1932191.287	2785823.422	2172397.281	2844831.064	352653.4056	307388.7902	238849.9142	5243953.141	6498102.18	4187850.979	5932205.977	4476217.881	6336378.414	60069.65212	88144.13767	255234.1749	1450156.985	1790835.331	1496718.626	3001625.27	2296041.998	3096294.597	2034089.612	1650876.876	2116043.521	1829932.735	1854453.892	2131280.703	1974932.374	2108581.834
140	Indole-3-propionic acid																			0	0	0	36842039.05	29872192.27	24232042.78	24807991.19	63620582.7	60821186.98	0	0	0	260307.8472	20442227.72	3002224.623	22868170.84	21380830.58	21024576.72	0	0	0	18957289.13	21858831.48	21112389.23	28544822.07	30841229.16	41881770.44	0	0	0	996513.1364	6955971.908	30623350.95	36820726.09	20935846.78	24072592.45	8961300.484	8532427.198	9864214.287	10194404.09	9317391.732	10084709.73	8620322.175	9950747.206
141	Trimethylamine																			122021900.6	23517781.41	23484352.23	1778240629	1894982747	937688149.9	1907490017	1736450833	1996823834	434524825.5	22283794.2	168534837.1	772123430.3	1617192008	1572250979	1734033084	1604607877	1553056825	454086761.4	23493990.7	25037024.57	1209514541	1716082471	1525361741	1689838199	1617280529	1664086080	428824102.8	25875596.39	465794091.9	1446723687	1602908716	1604284751	1893292296	1603494505	1663545426	1241547833	1280633804	1250884581	1203777388	1239409104	1280670060	1268348879	1247938511
142	Trimethylamine N-oxide																			41579.48104	169389.8327	0	23761091.86	1714134.469	35548921.4	3311426.411	18622253.88	1963640.064	86015.83021	137527.8217	0	2562193.886	4705259.345	39758450.01	2522712.713	32688935.1	2530633.754	304891.3914	211096.8848	104212.7453	35527009.58	2315311.291	29075937.5	2261768.776	14201828.29	1616212.303	177503.6282	355431.3457	0	18469240.31	2901574.959	40415116.27	2869724.389	46081007.98	1835077.208	10445434.72	9675197.8	8733386.106	9255272.079	9765033.804	8666959.693	9580313.346	10063627.14
143	Opthalamic acid																			118472.7793	3175138.762	2460340.315	0	39149.59475	0	0	37521.01154	0	1957415.4	2140062.236	1489478.81	1118898.872	96148.99912	571734.5913	0	133245.7559	188788.8707	1400816.413	911801.032	1706007.778	56653.62576	162554.4737	264398.7823	0	0	140293.027	354801.8667	999490.9171	760408.1589	897419.1888	0	622368.455	148353.0738	0	82631.34064	881828.6874	854772.7597	860160.6655	996848.5902	600837.9065	718228.6708	621833.7372	1001989.839
144	DL-Methionine sulfoxide																			8254168.656	22091049.61	24480365.39	165635.0176	0	1575058.075	65051.58829	119522.2589	0	19041891.6	18368772.14	21328189.73	67755951.4	0	42106793.66	0	36636031.91	0	20975253.09	25976112.37	24885757.29	123591.9027	53558.91024	375912.7706	48151.39688	160027.9749	48103.30114	20315149.24	22561023.76	24031354.07	101129.8661	0	45123.08415	61390.11573	437385.005	70539.67267	9415559.952	8941315.646	8797276.116	8498653.843	8636235.322	10579520.44	9022380.477	9827840.491
145	Glycerolphosphorylcholine																			165354297.4	170830145.9	187845740.7	607614.4591	0	225569.7312	0	0	0	187447174.4	178432793.4	190656739.4	60447993.44	0	281148.6813	0	820658.0214	0	159311202.7	169271455.8	179055658.9	99541.74208	74347.90983	377467.4501	70477.21222	0	0	185116444.1	193704941.2	186791866.4	639438.0583	0	130757.291	0	0	0	29446712.97	31921975.6	21294929.19	22129555.74	19797694.22	19555667.93	38265323.93	38265323.93
146	 L-DOPA																			724510.6594	7245059.887	0	9661874.306	90075.11356	67772.98435	397927.3586	1104706.261	113068.022	54000.86797	7600221.946	96038.61073	159768.3918	307828.7731	453603.3853	204986.3447	0	0	108093.1548	193193.2151	977795.0822	0	388521.1165	0	359668.7198	129266.8736	34601.73072	176233.3138	224241.413	56589.89894	0	0	4573716.027	440878.3642	201965.9744	168225.7766	901773.7764	0	1129801.534	1685445.465	820732.4588	0	2815826.203	2815826.203
147	GCA																			953809242	1220337084	1349234969	763984.1338	1971882.763	25331567.31	138920.4742	860794.7275	120806.0133	1741363295	1571367550	1539051053	7583492.25	516033.7884	1270043.178	1702458.224	1699837	1241503.083	1495184411	1510217929	1438599145	604803.8116	204225.4871	1030304.653	1148694.122	278707.6714	645566.2977	1588250359	1677112821	1472865860	971421.3245	370159.2758	328881.2411	1872262.738	619970.9287	361442.1753	1141731466	1073281654	1044279754	1159087326	1217104922	1196126625	1029417631	1024443436
148	TCDCA																			164874095.4	492419006.4	556200495.4	0	138812.4204	1318411.524	0	0	0	462829520.5	460799334.6	413632693.1	1502346.224	0	850406.3794	0	0	155635.8043	520996016.5	0	500562046.1	0	0	30115.17619	111031.477	22755.82437	0	462395278.5	428920090.8	411611739.4	0	26733.13752	0	0	22149.4615	0	173132053.9	210981644.7	197122718.2	195756362.6	168207775.3	193772888.2	226412489.5	226412489.5
149	TDCA																			923321114	3185013173	3803397337	1632985.066	402066.8378	2094834.451	0	1783102.058	0	3501540706	3270160025	3680787384	2942402.908	1975916.974	2546297.322	293459.7464	5085679.091	387337.3144	3226618007	3119179978	3536575187	678670.8284	0	3156074.979	356363.1935	1908714.332	0	2648310035	2933399900	2842081731	2833501.583	246466.0496	970010.5603	304379.3448	227820.6441	0	928983931.6	972206932	873698575.2	780849167.6	714568840.2	753912239.1	1089925048	1089925048
150	UDCA																			0	0	0	0	48124108.65	2224453.544	66338479.95	8407570.8	32296597.59	361024.0327	0	0	3198112.245	278448287.2	8560554.652	60606693.9	2861446.449	14233959.07	0	0	394597.3661	5184707.441	47268680.87	0	45410986.34	10640372.26	56944994.36	307367.0707	405284.4707	427002.8392	11837169.81	48604515.13	7238854.536	32765642.29	18660290.17	28830274.05	15909943.22	13722974.06	12472961.13	15043801.72	12574144.44	16388156.15	16462617.8	16462617.8
151	CDCA/DCA																			164573513.9	283533360.2	336004778.9	179554239	393579247.6	173868710.3	502102745	156421750	398820719.6	367835882.6	299317633	350152462	224957199.4	392090457.1	252521809	519718399.2	281833217.3	404311806.7	333910393.4	368081640.7	387640149.6	213551491.3	380479835	214782237	372677136.5	224859777	356437734.3	341757298.9	399150677.2	422375671.7	190122893.3	319803686	152715461.1	391751737	170275647	325260740.9	358524612.8	359007291.6	367975709.2	358816436.9	386278880.1	389436096	389313156.4	389313156.4
152	GDCA																			97870393.76	158597381.5	129546710.2	0	395308.8614	102465.6005	27884.85133	39887.70825	0	488948630.8	347147735.9	232854147.5	296900.5032	28766.92324	0	126861.599	34066.91793	63244.72128	209493545	77108548.72	150748552.6	37937.2171	0	524694.5819	57896.04358	0	103108.9672	206230534.1	272221832.5	122504686.3	23929.33994	527458.6472	0	210800.0111	0	79537.84272	107291819.1	102535200.2	101881365	104425083.9	97600897.91	105679816.1	106874836.3	106874836.3
153	L-carnitine																			1970555.774	6353840.715	10125475.15	3091918.015	0	4148371.561	1282344.031	0	1194583.413	7409838.936	4837187.174	6317329.102	7551074.323	1785435.706	6099022.233	1431109.262	882565.592	0	5495932.493	5049842.752	7984051.421	3926232.872	2361002.52	2780501.313	2584070.247	582780.5693	1349733.037	7628083.904	6791033.849	8462593.212	0	903272.0044	1729537.39	1591361.336	1381637.622	991357.1464	4357855.337	3412140.734	3544794.493	4038599.989	3746854.168	3492645.327	3790716.561	4206818.168
